0 0
10 27
11 9
30 15
12 1
22 21
1 4
7 15
9 2
6 13
4 7
1 19
17 3
23 15
22 5
30 27
16 5
19 30
12 10
17 23
21 23
21 18
14 13
4 6
21 7
29 24
14 15
8 19
9 8
5 8
14 17
21 30
15 21
25 24
20 27
6 6
24 11
20 16
4 16
22 11
1 5
12 2
3 13
24 12
7 24
18 26
9 12
7 21
7 30
4 25
16 29
10 10
18 23
23 27
6 30
24 13
4 27
16 10
8 11
17 28
11 11
17 24
20 4
5 23
14 27
12 9
5 27
29 23
27 4
8 24
29 14
8 9
21 19
16 19
25 20
28 29
25 18
9 30
10 26
2 27
11 29
13 26
29 26
10 24
2 17
23 3
22 20
5 3
9 27
17 6
27 16
25 15
9 19
5 6
8 10
29 10
27 25
11 1
30 30
24 14
22 9
