527.501
529.712
541.741
558.911
537.559
549.236
560.526
520.012
497.042
543.234
531.694
514.556
500.601
554.346
590.798
550.049
547.938
547.419
508.69
530.702
514.571
535.467
504.323
527.838
521.11
523.199
571.861
505.401
504.273
531.476
532.013
545.73
595.066
545.658
554.713
558.908
528.472
536.918
529.073
553.756
540.826
533.352
547.724
572.198
559.714
544.109
577.033
527.745
547.796
557.42
557.316
540.135
507.555
544.28
557.08
557.769
572.548
591.007
561.18
534.445
550.968
559.328
539.479
537.972
532.008
535.726
543.613
528.02
547.034
554.245
517.344
515.853
565.381
536.839
532.992
528.42
518.501
567.226
510.61
553.125
527.463
518.031
558.632
496.12
494.942
556.984
537.993
526.466
512.827
557.981
519.592
541.594
516.612
582.512
533.038
527.142
551.679
517.118
533.232
546.107
527.501
529.712
541.741
558.911
537.559
549.236
560.526
520.012
497.042
543.234
531.694
514.556
500.601
554.346
590.798
550.049
547.938
547.419
508.69
530.702
514.571
535.467
504.323
527.838
521.11
523.199
571.861
505.401
504.273
531.476
532.013
545.73
595.066
545.658
554.713
558.908
528.472
536.918
529.073
553.756
540.826
533.352
547.724
572.198
559.714
544.109
577.033
527.745
547.796
557.42
557.316
540.135
507.555
544.28
557.08
557.769
572.548
591.007
561.18
534.445
550.968
559.328
539.479
537.972
532.008
535.726
543.613
528.02
547.034
554.245
517.344
515.853
565.381
536.839
532.992
528.42
518.501
567.226
510.61
553.125
527.463
518.031
558.632
496.12
494.942
556.984
537.993
526.466
512.827
557.981
519.592
541.594
516.612
582.512
533.038
527.142
551.679
517.118
533.232
546.107
527.501
529.712
541.741
558.911
537.559
549.236
560.526
520.012
497.042
543.234
531.694
514.556
500.601
554.346
590.798
550.049
547.938
547.419
508.69
530.702
514.571
535.467
504.323
527.838
521.11
523.199
571.861
505.401
504.273
531.476
532.013
545.73
595.066
545.658
554.713
558.908
528.472
536.918
529.073
553.756
540.826
533.352
547.724
572.198
559.714
544.109
577.033
527.745
547.796
557.42
557.316
540.135
507.555
544.28
557.08
557.769
572.548
591.007
561.18
534.445
550.968
559.328
539.479
537.972
532.008
535.726
543.613
528.02
547.034
554.245
517.344
515.853
565.381
536.839
532.992
528.42
518.501
567.226
510.61
553.125
527.463
518.031
558.632
496.12
494.942
556.984
537.993
526.466
512.827
557.981
519.592
541.594
516.612
582.512
533.038
527.142
551.679
517.118
533.232
546.107
527.501
529.712
541.741
558.911
537.559
549.236
560.526
520.012
497.042
543.234
531.694
514.556
500.601
554.346
590.798
550.049
547.938
547.419
508.69
530.702
514.571
535.467
504.323
527.838
521.11
523.199
571.861
505.401
504.273
531.476
532.013
545.73
595.066
545.658
554.713
558.908
528.472
536.918
529.073
553.756
540.826
533.352
547.724
572.198
559.714
544.109
577.033
527.745
547.796
557.42
557.316
540.135
507.555
544.28
557.08
557.769
572.548
591.007
561.18
534.445
550.968
559.328
539.479
537.972
532.008
535.726
543.613
528.02
547.034
554.245
517.344
515.853
565.381
536.839
532.992
528.42
518.501
567.226
510.61
553.125
527.463
518.031
558.632
496.12
494.942
556.984
537.993
526.466
512.827
557.981
519.592
541.594
516.612
582.512
533.038
527.142
551.679
517.118
533.232
546.107
